V 54
K 1
D 0 -10668000 10414000 1778000
Y 1
U 10033000 1778000 254000 0 2 3 REFDES=IC?
U 10033000 1524000 254000 0 2 3 DEVICE=STM32H743ZIT6
U 10033000 1270000 254000 0 2 0 PKG_TYPE=QFP50P2200X2200X160-144N
U 10033000 1016000 254000 0 2 0 Description=ARM Microcontrollers - MCU High-performance and DSP with DP-FPU, ARM Cortex-M7 MCU with 2MBytes Flash, 1MB RAM, 400 MHz CPU, Art Accelerator, L1 cache, external memory interface, large set of peripherals
U 10033000 762000 254000 0 2 0 Datasheet Link=https://www.st.com/resource/en/datasheet/stm32h743vi.pdf
U 10033000 508000 254000 0 2 0 Height=1.6
U 10033000 254000 254000 0 2 0 Mouser Part Number=511-STM32H743ZIT6
U 10033000 0 254000 0 2 0 Mouser Price/Stock=https://www.mouser.co.uk/ProductDetail/STMicroelectronics/STM32H743ZIT6?qs=FNcb6ahWXRyuf15GdgTu%252Bw%3D%3D
U 10033000 -254000 254000 0 2 0 Manufacturer_Name=STMicroelectronics
U 10033000 -508000 254000 0 2 0 Manufacturer_Part_Number=STM32H743ZIT6
U 0 0 254000 0 1 0 FORWARD_PCB=1
l 5 508000 1270000 9906000 1270000 9906000 -10160000 508000 -10160000 508000 1270000
|GRPHSTL -1 -1 -1 1
P 1 0 0 508000 0 0 2 0
L 584200 0 228600 0 2 0 1 0 PE2
A 355600 50800 203200 0 9 3 #=1
A 0 0 9 0 3 0 PINTYPE=POWER
P 2 0 -254000 508000 -254000 0 2 0
L 584200 -254000 228600 0 2 0 1 0 PE3
A 355600 -203200 203200 0 9 3 #=2
A 0 0 9 0 3 0 PINTYPE=BI
P 3 0 -508000 508000 -508000 0 2 0
L 584200 -508000 228600 0 2 0 1 0 PE4
A 355600 -457200 203200 0 9 3 #=3
A 0 0 9 0 3 0 PINTYPE=BI
P 4 0 -762000 508000 -762000 0 2 0
L 584200 -762000 228600 0 2 0 1 0 PE5
A 355600 -711200 203200 0 9 3 #=4
A 0 0 9 0 3 0 PINTYPE=BI
P 5 0 -1016000 508000 -1016000 0 2 0
L 584200 -1016000 228600 0 2 0 1 0 PE6
A 355600 -965200 203200 0 9 3 #=5
A 0 0 9 0 3 0 PINTYPE=BI
P 6 0 -1270000 508000 -1270000 0 2 0
L 584200 -1270000 228600 0 2 0 1 0 VBAT
A 355600 -1219200 203200 0 9 3 #=6
A 0 0 9 0 3 0 PINTYPE=BI
P 7 0 -1524000 508000 -1524000 0 2 0
L 584200 -1524000 228600 0 2 0 1 0 PC13
A 355600 -1473200 203200 0 9 3 #=7
A 0 0 9 0 3 0 PINTYPE=BI
P 8 0 -1778000 508000 -1778000 0 2 0
L 584200 -1778000 228600 0 2 0 1 0 PC14-OSC32_IN
A 355600 -1727200 203200 0 9 3 #=8
A 0 0 9 0 3 0 PINTYPE=BI
P 9 0 -2032000 508000 -2032000 0 2 0
L 584200 -2032000 228600 0 2 0 1 0 PC15-OSC32_OUT
A 355600 -1981200 203200 0 9 3 #=9
A 0 0 9 0 3 0 PINTYPE=BI
P 10 0 -2286000 508000 -2286000 0 2 0
L 584200 -2286000 228600 0 2 0 1 0 PF0
A 355600 -2235200 203200 0 9 3 #=10
A 0 0 9 0 3 0 PINTYPE=BI
P 11 0 -2540000 508000 -2540000 0 2 0
L 584200 -2540000 228600 0 2 0 1 0 PF1
A 355600 -2489200 203200 0 9 3 #=11
A 0 0 9 0 3 0 PINTYPE=BI
P 12 0 -2794000 508000 -2794000 0 2 0
L 584200 -2794000 228600 0 2 0 1 0 PF2
A 355600 -2743200 203200 0 9 3 #=12
A 0 0 9 0 3 0 PINTYPE=BI
P 13 0 -3048000 508000 -3048000 0 2 0
L 584200 -3048000 228600 0 2 0 1 0 PF3
A 355600 -2997200 203200 0 9 3 #=13
A 0 0 9 0 3 0 PINTYPE=BI
P 14 0 -3302000 508000 -3302000 0 2 0
L 584200 -3302000 228600 0 2 0 1 0 PF4
A 355600 -3251200 203200 0 9 3 #=14
A 0 0 9 0 3 0 PINTYPE=BI
P 15 0 -3556000 508000 -3556000 0 2 0
L 584200 -3556000 228600 0 2 0 1 0 PF5
A 355600 -3505200 203200 0 9 3 #=15
A 0 0 9 0 3 0 PINTYPE=BI
P 16 0 -3810000 508000 -3810000 0 2 0
L 584200 -3810000 228600 0 2 0 1 0 VSS_1
A 355600 -3759200 203200 0 9 3 #=16
A 0 0 9 0 3 0 PINTYPE=BI
P 17 0 -4064000 508000 -4064000 0 2 0
L 584200 -4064000 228600 0 2 0 1 0 VDD_1
A 355600 -4013200 203200 0 9 3 #=17
A 0 0 9 0 3 0 PINTYPE=BI
P 18 0 -4318000 508000 -4318000 0 2 0
L 584200 -4318000 228600 0 2 0 1 0 PF6
A 355600 -4267200 203200 0 9 3 #=18
A 0 0 9 0 3 0 PINTYPE=BI
P 19 0 -4572000 508000 -4572000 0 2 0
L 584200 -4572000 228600 0 2 0 1 0 PF7
A 355600 -4521200 203200 0 9 3 #=19
A 0 0 9 0 3 0 PINTYPE=BI
P 20 0 -4826000 508000 -4826000 0 2 0
L 584200 -4826000 228600 0 2 0 1 0 PF8
A 355600 -4775200 203200 0 9 3 #=20
A 0 0 9 0 3 0 PINTYPE=BI
P 21 0 -5080000 508000 -5080000 0 2 0
L 584200 -5080000 228600 0 2 0 1 0 PF9
A 355600 -5029200 203200 0 9 3 #=21
A 0 0 9 0 3 0 PINTYPE=BI
P 22 0 -5334000 508000 -5334000 0 2 0
L 584200 -5334000 228600 0 2 0 1 0 PF10
A 355600 -5283200 203200 0 9 3 #=22
A 0 0 9 0 3 0 PINTYPE=BI
P 23 0 -5588000 508000 -5588000 0 2 0
L 584200 -5588000 228600 0 2 0 1 0 PH0-OSC_IN
A 355600 -5537200 203200 0 9 3 #=23
A 0 0 9 0 3 0 PINTYPE=BI
P 24 0 -5842000 508000 -5842000 0 2 0
L 584200 -5842000 228600 0 2 0 1 0 PH1-OSC_OUT
A 355600 -5791200 203200 0 9 3 #=24
A 0 0 9 0 3 0 PINTYPE=BI
P 25 0 -6096000 508000 -6096000 0 2 0
L 584200 -6096000 228600 0 2 0 1 0 NRST
A 355600 -6045200 203200 0 9 3 #=25
A 0 0 9 0 3 0 PINTYPE=BI
P 26 0 -6350000 508000 -6350000 0 2 0
L 584200 -6350000 228600 0 2 0 1 0 PC0
A 355600 -6299200 203200 0 9 3 #=26
A 0 0 9 0 3 0 PINTYPE=BI
P 27 0 -6604000 508000 -6604000 0 2 0
L 584200 -6604000 228600 0 2 0 1 0 PC1
A 355600 -6553200 203200 0 9 3 #=27
A 0 0 9 0 3 0 PINTYPE=BI
P 28 0 -6858000 508000 -6858000 0 2 0
L 584200 -6858000 228600 0 2 0 1 0 PC2_C
A 355600 -6807200 203200 0 9 3 #=28
A 0 0 9 0 3 0 PINTYPE=BI
P 29 0 -7112000 508000 -7112000 0 2 0
L 584200 -7112000 228600 0 2 0 1 0 PC3_C
A 355600 -7061200 203200 0 9 3 #=29
A 0 0 9 0 3 0 PINTYPE=BI
P 30 0 -7366000 508000 -7366000 0 2 0
L 584200 -7366000 228600 0 2 0 1 0 VDD_2
A 355600 -7315200 203200 0 9 3 #=30
A 0 0 9 0 3 0 PINTYPE=BI
P 31 0 -7620000 508000 -7620000 0 2 0
L 584200 -7620000 228600 0 2 0 1 0 VSSA
A 355600 -7569200 203200 0 9 3 #=31
A 0 0 9 0 3 0 PINTYPE=BI
P 32 0 -7874000 508000 -7874000 0 2 0
L 584200 -7874000 228600 0 2 0 1 0 VREF+
A 355600 -7823200 203200 0 9 3 #=32
A 0 0 9 0 3 0 PINTYPE=BI
P 33 0 -8128000 508000 -8128000 0 2 0
L 584200 -8128000 228600 0 2 0 1 0 VDDA
A 355600 -8077200 203200 0 9 3 #=33
A 0 0 9 0 3 0 PINTYPE=BI
P 34 0 -8382000 508000 -8382000 0 2 0
L 584200 -8382000 228600 0 2 0 1 0 PA0
A 355600 -8331200 203200 0 9 3 #=34
A 0 0 9 0 3 0 PINTYPE=BI
P 35 0 -8636000 508000 -8636000 0 2 0
L 584200 -8636000 228600 0 2 0 1 0 PA1
A 355600 -8585200 203200 0 9 3 #=35
A 0 0 9 0 3 0 PINTYPE=BI
P 36 0 -8890000 508000 -8890000 0 2 0
L 584200 -8890000 228600 0 2 0 1 0 PA2
A 355600 -8839200 203200 0 9 3 #=36
A 0 0 9 0 3 0 PINTYPE=BI
P 37 762000 -10668000 762000 -10160000 0 1 0
L 762000 -10083800 228600 1 2 0 1 0 PA3
A 711200 -10312400 203200 1 9 3 #=37
A 0 0 9 0 3 0 PINTYPE=BI
P 38 1016000 -10668000 1016000 -10160000 0 1 0
L 1016000 -10083800 228600 1 2 0 1 0 VSS_2
A 965200 -10312400 203200 1 9 3 #=38
A 0 0 9 0 3 0 PINTYPE=BI
P 39 1270000 -10668000 1270000 -10160000 0 1 0
L 1270000 -10083800 228600 1 2 0 1 0 VDD_3
A 1219200 -10312400 203200 1 9 3 #=39
A 0 0 9 0 3 0 PINTYPE=BI
P 40 1524000 -10668000 1524000 -10160000 0 1 0
L 1524000 -10083800 228600 1 2 0 1 0 PA4
A 1473200 -10312400 203200 1 9 3 #=40
A 0 0 9 0 3 0 PINTYPE=BI
P 41 1778000 -10668000 1778000 -10160000 0 1 0
L 1778000 -10083800 228600 1 2 0 1 0 PA5
A 1727200 -10312400 203200 1 9 3 #=41
A 0 0 9 0 3 0 PINTYPE=BI
P 42 2032000 -10668000 2032000 -10160000 0 1 0
L 2032000 -10083800 228600 1 2 0 1 0 PA6
A 1981200 -10312400 203200 1 9 3 #=42
A 0 0 9 0 3 0 PINTYPE=BI
P 43 2286000 -10668000 2286000 -10160000 0 1 0
L 2286000 -10083800 228600 1 2 0 1 0 PA7
A 2235200 -10312400 203200 1 9 3 #=43
A 0 0 9 0 3 0 PINTYPE=BI
P 44 2540000 -10668000 2540000 -10160000 0 1 0
L 2540000 -10083800 228600 1 2 0 1 0 PC4
A 2489200 -10312400 203200 1 9 3 #=44
A 0 0 9 0 3 0 PINTYPE=BI
P 45 2794000 -10668000 2794000 -10160000 0 1 0
L 2794000 -10083800 228600 1 2 0 1 0 PC5
A 2743200 -10312400 203200 1 9 3 #=45
A 0 0 9 0 3 0 PINTYPE=BI
P 46 3048000 -10668000 3048000 -10160000 0 1 0
L 3048000 -10083800 228600 1 2 0 1 0 PB0
A 2997200 -10312400 203200 1 9 3 #=46
A 0 0 9 0 3 0 PINTYPE=BI
P 47 3302000 -10668000 3302000 -10160000 0 1 0
L 3302000 -10083800 228600 1 2 0 1 0 PB1
A 3251200 -10312400 203200 1 9 3 #=47
A 0 0 9 0 3 0 PINTYPE=BI
P 48 3556000 -10668000 3556000 -10160000 0 1 0
L 3556000 -10083800 228600 1 2 0 1 0 PB2
A 3505200 -10312400 203200 1 9 3 #=48
A 0 0 9 0 3 0 PINTYPE=BI
P 49 3810000 -10668000 3810000 -10160000 0 1 0
L 3810000 -10083800 228600 1 2 0 1 0 PF11
A 3759200 -10312400 203200 1 9 3 #=49
A 0 0 9 0 3 0 PINTYPE=BI
P 50 4064000 -10668000 4064000 -10160000 0 1 0
L 4064000 -10083800 228600 1 2 0 1 0 PF12
A 4013200 -10312400 203200 1 9 3 #=50
A 0 0 9 0 3 0 PINTYPE=BI
P 51 4318000 -10668000 4318000 -10160000 0 1 0
L 4318000 -10083800 228600 1 2 0 1 0 VSS_3
A 4267200 -10312400 203200 1 9 3 #=51
A 0 0 9 0 3 0 PINTYPE=BI
P 52 4572000 -10668000 4572000 -10160000 0 1 0
L 4572000 -10083800 228600 1 2 0 1 0 VDD_4
A 4521200 -10312400 203200 1 9 3 #=52
A 0 0 9 0 3 0 PINTYPE=BI
P 53 4826000 -10668000 4826000 -10160000 0 1 0
L 4826000 -10083800 228600 1 2 0 1 0 PF13
A 4775200 -10312400 203200 1 9 3 #=53
A 0 0 9 0 3 0 PINTYPE=BI
P 54 5080000 -10668000 5080000 -10160000 0 1 0
L 5080000 -10083800 228600 1 2 0 1 0 PF14
A 5029200 -10312400 203200 1 9 3 #=54
A 0 0 9 0 3 0 PINTYPE=BI
P 55 5334000 -10668000 5334000 -10160000 0 1 0
L 5334000 -10083800 228600 1 2 0 1 0 PF15
A 5283200 -10312400 203200 1 9 3 #=55
A 0 0 9 0 3 0 PINTYPE=BI
P 56 5588000 -10668000 5588000 -10160000 0 1 0
L 5588000 -10083800 228600 1 2 0 1 0 PG0
A 5537200 -10312400 203200 1 9 3 #=56
A 0 0 9 0 3 0 PINTYPE=BI
P 57 5842000 -10668000 5842000 -10160000 0 1 0
L 5842000 -10083800 228600 1 2 0 1 0 PG1
A 5791200 -10312400 203200 1 9 3 #=57
A 0 0 9 0 3 0 PINTYPE=BI
P 58 6096000 -10668000 6096000 -10160000 0 1 0
L 6096000 -10083800 228600 1 2 0 1 0 PE7
A 6045200 -10312400 203200 1 9 3 #=58
A 0 0 9 0 3 0 PINTYPE=BI
P 59 6350000 -10668000 6350000 -10160000 0 1 0
L 6350000 -10083800 228600 1 2 0 1 0 PE8
A 6299200 -10312400 203200 1 9 3 #=59
A 0 0 9 0 3 0 PINTYPE=BI
P 60 6604000 -10668000 6604000 -10160000 0 1 0
L 6604000 -10083800 228600 1 2 0 1 0 PE9
A 6553200 -10312400 203200 1 9 3 #=60
A 0 0 9 0 3 0 PINTYPE=BI
P 61 6858000 -10668000 6858000 -10160000 0 1 0
L 6858000 -10083800 228600 1 2 0 1 0 VSS_4
A 6807200 -10312400 203200 1 9 3 #=61
A 0 0 9 0 3 0 PINTYPE=BI
P 62 7112000 -10668000 7112000 -10160000 0 1 0
L 7112000 -10083800 228600 1 2 0 1 0 VDD_5
A 7061200 -10312400 203200 1 9 3 #=62
A 0 0 9 0 3 0 PINTYPE=BI
P 63 7366000 -10668000 7366000 -10160000 0 1 0
L 7366000 -10083800 228600 1 2 0 1 0 PE10
A 7315200 -10312400 203200 1 9 3 #=63
A 0 0 9 0 3 0 PINTYPE=BI
P 64 7620000 -10668000 7620000 -10160000 0 1 0
L 7620000 -10083800 228600 1 2 0 1 0 PE11
A 7569200 -10312400 203200 1 9 3 #=64
A 0 0 9 0 3 0 PINTYPE=BI
P 65 7874000 -10668000 7874000 -10160000 0 1 0
L 7874000 -10083800 228600 1 2 0 1 0 PE12
A 7823200 -10312400 203200 1 9 3 #=65
A 0 0 9 0 3 0 PINTYPE=BI
P 66 8128000 -10668000 8128000 -10160000 0 1 0
L 8128000 -10083800 228600 1 2 0 1 0 PE13
A 8077200 -10312400 203200 1 9 3 #=66
A 0 0 9 0 3 0 PINTYPE=BI
P 67 8382000 -10668000 8382000 -10160000 0 1 0
L 8382000 -10083800 228600 1 2 0 1 0 PE14
A 8331200 -10312400 203200 1 9 3 #=67
A 0 0 9 0 3 0 PINTYPE=BI
P 68 8636000 -10668000 8636000 -10160000 0 1 0
L 8636000 -10083800 228600 1 2 0 1 0 PE15
A 8585200 -10312400 203200 1 9 3 #=68
A 0 0 9 0 3 0 PINTYPE=BI
P 69 8890000 -10668000 8890000 -10160000 0 1 0
L 8890000 -10083800 228600 1 2 0 1 0 PB10
A 8839200 -10312400 203200 1 9 3 #=69
A 0 0 9 0 3 0 PINTYPE=BI
P 70 9144000 -10668000 9144000 -10160000 0 1 0
L 9144000 -10083800 228600 1 2 0 1 0 PB11
A 9093200 -10312400 203200 1 9 3 #=70
A 0 0 9 0 3 0 PINTYPE=BI
P 71 9398000 -10668000 9398000 -10160000 0 1 0
L 9398000 -10083800 228600 1 2 0 1 0 VCAP_1
A 9347200 -10312400 203200 1 9 3 #=71
A 0 0 9 0 3 0 PINTYPE=BI
P 72 9652000 -10668000 9652000 -10160000 0 1 0
L 9652000 -10083800 228600 1 2 0 1 0 VDD_6
A 9601200 -10312400 203200 1 9 3 #=72
A 0 0 9 0 3 0 PINTYPE=BI
P 73 10414000 0 9906000 0 0 3 0
L 9829800 0 228600 0 8 0 1 0 VDD_8
A 10058400 50800 203200 0 3 3 #=108
A 0 0 9 0 3 0 PINTYPE=BI
P 74 10414000 -254000 9906000 -254000 0 3 0
L 9829800 -254000 228600 0 8 0 1 0 VSS_7
A 10058400 -203200 203200 0 3 3 #=107
A 0 0 9 0 3 0 PINTYPE=BI
P 75 10414000 -508000 9906000 -508000 0 3 0
L 9829800 -508000 228600 0 8 0 1 0 VCAP_2
A 10058400 -457200 203200 0 3 3 #=106
A 0 0 9 0 3 0 PINTYPE=BI
P 76 10414000 -762000 9906000 -762000 0 3 0
L 9829800 -762000 228600 0 8 0 1 0 PA13
A 10058400 -711200 203200 0 3 3 #=105
A 0 0 9 0 3 0 PINTYPE=BI
P 77 10414000 -1016000 9906000 -1016000 0 3 0
L 9829800 -1016000 228600 0 8 0 1 0 PA12
A 10058400 -965200 203200 0 3 3 #=104
A 0 0 9 0 3 0 PINTYPE=BI
P 78 10414000 -1270000 9906000 -1270000 0 3 0
L 9829800 -1270000 228600 0 8 0 1 0 PA11
A 10058400 -1219200 203200 0 3 3 #=103
A 0 0 9 0 3 0 PINTYPE=BI
P 79 10414000 -1524000 9906000 -1524000 0 3 0
L 9829800 -1524000 228600 0 8 0 1 0 PA10
A 10058400 -1473200 203200 0 3 3 #=102
A 0 0 9 0 3 0 PINTYPE=BI
P 80 10414000 -1778000 9906000 -1778000 0 3 0
L 9829800 -1778000 228600 0 8 0 1 0 PA9
A 10058400 -1727200 203200 0 3 3 #=101
A 0 0 9 0 3 0 PINTYPE=BI
P 81 10414000 -2032000 9906000 -2032000 0 3 0
L 9829800 -2032000 228600 0 8 0 1 0 PA8
A 10058400 -1981200 203200 0 3 3 #=100
A 0 0 9 0 3 0 PINTYPE=BI
P 82 10414000 -2286000 9906000 -2286000 0 3 0
L 9829800 -2286000 228600 0 8 0 1 0 PC9
A 10058400 -2235200 203200 0 3 3 #=99
A 0 0 9 0 3 0 PINTYPE=BI
P 83 10414000 -2540000 9906000 -2540000 0 3 0
L 9829800 -2540000 228600 0 8 0 1 0 PC8
A 10058400 -2489200 203200 0 3 3 #=98
A 0 0 9 0 3 0 PINTYPE=BI
P 84 10414000 -2794000 9906000 -2794000 0 3 0
L 9829800 -2794000 228600 0 8 0 1 0 PC7
A 10058400 -2743200 203200 0 3 3 #=97
A 0 0 9 0 3 0 PINTYPE=BI
P 85 10414000 -3048000 9906000 -3048000 0 3 0
L 9829800 -3048000 228600 0 8 0 1 0 PC6
A 10058400 -2997200 203200 0 3 3 #=96
A 0 0 9 0 3 0 PINTYPE=BI
P 86 10414000 -3302000 9906000 -3302000 0 3 0
L 9829800 -3302000 228600 0 8 0 1 0 VDD33USB
A 10058400 -3251200 203200 0 3 3 #=95
A 0 0 9 0 3 0 PINTYPE=BI
P 87 10414000 -3556000 9906000 -3556000 0 3 0
L 9829800 -3556000 228600 0 8 0 1 0 VSS_6
A 10058400 -3505200 203200 0 3 3 #=94
A 0 0 9 0 3 0 PINTYPE=BI
P 88 10414000 -3810000 9906000 -3810000 0 3 0
L 9829800 -3810000 228600 0 8 0 1 0 PG8
A 10058400 -3759200 203200 0 3 3 #=93
A 0 0 9 0 3 0 PINTYPE=BI
P 89 10414000 -4064000 9906000 -4064000 0 3 0
L 9829800 -4064000 228600 0 8 0 1 0 PG7
A 10058400 -4013200 203200 0 3 3 #=92
A 0 0 9 0 3 0 PINTYPE=BI
P 90 10414000 -4318000 9906000 -4318000 0 3 0
L 9829800 -4318000 228600 0 8 0 1 0 PG6
A 10058400 -4267200 203200 0 3 3 #=91
A 0 0 9 0 3 0 PINTYPE=BI
P 91 10414000 -4572000 9906000 -4572000 0 3 0
L 9829800 -4572000 228600 0 8 0 1 0 PG5
A 10058400 -4521200 203200 0 3 3 #=90
A 0 0 9 0 3 0 PINTYPE=BI
P 92 10414000 -4826000 9906000 -4826000 0 3 0
L 9829800 -4826000 228600 0 8 0 1 0 PG4
A 10058400 -4775200 203200 0 3 3 #=89
A 0 0 9 0 3 0 PINTYPE=BI
P 93 10414000 -5080000 9906000 -5080000 0 3 0
L 9829800 -5080000 228600 0 8 0 1 0 PG3
A 10058400 -5029200 203200 0 3 3 #=88
A 0 0 9 0 3 0 PINTYPE=BI
P 94 10414000 -5334000 9906000 -5334000 0 3 0
L 9829800 -5334000 228600 0 8 0 1 0 PG2
A 10058400 -5283200 203200 0 3 3 #=87
A 0 0 9 0 3 0 PINTYPE=BI
P 95 10414000 -5588000 9906000 -5588000 0 3 0
L 9829800 -5588000 228600 0 8 0 1 0 PD15
A 10058400 -5537200 203200 0 3 3 #=86
A 0 0 9 0 3 0 PINTYPE=BI
P 96 10414000 -5842000 9906000 -5842000 0 3 0
L 9829800 -5842000 228600 0 8 0 1 0 PD14
A 10058400 -5791200 203200 0 3 3 #=85
A 0 0 9 0 3 0 PINTYPE=BI
P 97 10414000 -6096000 9906000 -6096000 0 3 0
L 9829800 -6096000 228600 0 8 0 1 0 VDD_7
A 10058400 -6045200 203200 0 3 3 #=84
A 0 0 9 0 3 0 PINTYPE=BI
P 98 10414000 -6350000 9906000 -6350000 0 3 0
L 9829800 -6350000 228600 0 8 0 1 0 VSS_5
A 10058400 -6299200 203200 0 3 3 #=83
A 0 0 9 0 3 0 PINTYPE=BI
P 99 10414000 -6604000 9906000 -6604000 0 3 0
L 9829800 -6604000 228600 0 8 0 1 0 PD13
A 10058400 -6553200 203200 0 3 3 #=82
A 0 0 9 0 3 0 PINTYPE=BI
P 100 10414000 -6858000 9906000 -6858000 0 3 0
L 9829800 -6858000 228600 0 8 0 1 0 PD12
A 10058400 -6807200 203200 0 3 3 #=81
A 0 0 9 0 3 0 PINTYPE=BI
P 101 10414000 -7112000 9906000 -7112000 0 3 0
L 9829800 -7112000 228600 0 8 0 1 0 PD11
A 10058400 -7061200 203200 0 3 3 #=80
A 0 0 9 0 3 0 PINTYPE=BI
P 102 10414000 -7366000 9906000 -7366000 0 3 0
L 9829800 -7366000 228600 0 8 0 1 0 PD10
A 10058400 -7315200 203200 0 3 3 #=79
A 0 0 9 0 3 0 PINTYPE=BI
P 103 10414000 -7620000 9906000 -7620000 0 3 0
L 9829800 -7620000 228600 0 8 0 1 0 PD9
A 10058400 -7569200 203200 0 3 3 #=78
A 0 0 9 0 3 0 PINTYPE=BI
P 104 10414000 -7874000 9906000 -7874000 0 3 0
L 9829800 -7874000 228600 0 8 0 1 0 PD8
A 10058400 -7823200 203200 0 3 3 #=77
A 0 0 9 0 3 0 PINTYPE=BI
P 105 10414000 -8128000 9906000 -8128000 0 3 0
L 9829800 -8128000 228600 0 8 0 1 0 PB15
A 10058400 -8077200 203200 0 3 3 #=76
A 0 0 9 0 3 0 PINTYPE=BI
P 106 10414000 -8382000 9906000 -8382000 0 3 0
L 9829800 -8382000 228600 0 8 0 1 0 PB14
A 10058400 -8331200 203200 0 3 3 #=75
A 0 0 9 0 3 0 PINTYPE=BI
P 107 10414000 -8636000 9906000 -8636000 0 3 0
L 9829800 -8636000 228600 0 8 0 1 0 PB13
A 10058400 -8585200 203200 0 3 3 #=74
A 0 0 9 0 3 0 PINTYPE=BI
P 108 10414000 -8890000 9906000 -8890000 0 3 0
L 9829800 -8890000 228600 0 8 0 1 0 PB12
A 10058400 -8839200 203200 0 3 3 #=73
A 0 0 9 0 3 0 PINTYPE=BI
P 109 762000 1778000 762000 1270000 0 0 0
L 762000 1193800 228600 1 8 0 1 0 VDD_11
A 711200 1422400 203200 1 3 3 #=144
A 0 0 9 0 3 0 PINTYPE=BI
P 110 1016000 1778000 1016000 1270000 0 0 0
L 1016000 1193800 228600 1 8 0 1 0 PDR_ON
A 965200 1422400 203200 1 3 3 #=143
A 0 0 9 0 3 0 PINTYPE=BI
P 111 1270000 1778000 1270000 1270000 0 0 0
L 1270000 1193800 228600 1 8 0 1 0 PE1
A 1219200 1422400 203200 1 3 3 #=142
A 0 0 9 0 3 0 PINTYPE=BI
P 112 1524000 1778000 1524000 1270000 0 0 0
L 1524000 1193800 228600 1 8 0 1 0 PE0
A 1473200 1422400 203200 1 3 3 #=141
A 0 0 9 0 3 0 PINTYPE=BI
P 113 1778000 1778000 1778000 1270000 0 0 0
L 1778000 1193800 228600 1 8 0 1 0 PB9
A 1727200 1422400 203200 1 3 3 #=140
A 0 0 9 0 3 0 PINTYPE=BI
P 114 2032000 1778000 2032000 1270000 0 0 0
L 2032000 1193800 228600 1 8 0 1 0 PB8
A 1981200 1422400 203200 1 3 3 #=139
A 0 0 9 0 3 0 PINTYPE=BI
P 115 2286000 1778000 2286000 1270000 0 0 0
L 2286000 1193800 228600 1 8 0 1 0 BOOT0
A 2235200 1422400 203200 1 3 3 #=138
A 0 0 9 0 3 0 PINTYPE=BI
P 116 2540000 1778000 2540000 1270000 0 0 0
L 2540000 1193800 228600 1 8 0 1 0 PB7
A 2489200 1422400 203200 1 3 3 #=137
A 0 0 9 0 3 0 PINTYPE=BI
P 117 2794000 1778000 2794000 1270000 0 0 0
L 2794000 1193800 228600 1 8 0 1 0 PB6
A 2743200 1422400 203200 1 3 3 #=136
A 0 0 9 0 3 0 PINTYPE=BI
P 118 3048000 1778000 3048000 1270000 0 0 0
L 3048000 1193800 228600 1 8 0 1 0 PB5
A 2997200 1422400 203200 1 3 3 #=135
A 0 0 9 0 3 0 PINTYPE=BI
P 119 3302000 1778000 3302000 1270000 0 0 0
L 3302000 1193800 228600 1 8 0 1 0 PB4
A 3251200 1422400 203200 1 3 3 #=134
A 0 0 9 0 3 0 PINTYPE=BI
P 120 3556000 1778000 3556000 1270000 0 0 0
L 3556000 1193800 228600 1 8 0 1 0 PB3
A 3505200 1422400 203200 1 3 3 #=133
A 0 0 9 0 3 0 PINTYPE=BI
P 121 3810000 1778000 3810000 1270000 0 0 0
L 3810000 1193800 228600 1 8 0 1 0 PG15
A 3759200 1422400 203200 1 3 3 #=132
A 0 0 9 0 3 0 PINTYPE=BI
P 122 4064000 1778000 4064000 1270000 0 0 0
L 4064000 1193800 228600 1 8 0 1 0 VDD_10
A 4013200 1422400 203200 1 3 3 #=131
A 0 0 9 0 3 0 PINTYPE=BI
P 123 4318000 1778000 4318000 1270000 0 0 0
L 4318000 1193800 228600 1 8 0 1 0 VSS_9
A 4267200 1422400 203200 1 3 3 #=130
A 0 0 9 0 3 0 PINTYPE=BI
P 124 4572000 1778000 4572000 1270000 0 0 0
L 4572000 1193800 228600 1 8 0 1 0 PG14
A 4521200 1422400 203200 1 3 3 #=129
A 0 0 9 0 3 0 PINTYPE=BI
P 125 4826000 1778000 4826000 1270000 0 0 0
L 4826000 1193800 228600 1 8 0 1 0 PG13
A 4775200 1422400 203200 1 3 3 #=128
A 0 0 9 0 3 0 PINTYPE=BI
P 126 5080000 1778000 5080000 1270000 0 0 0
L 5080000 1193800 228600 1 8 0 1 0 PG12
A 5029200 1422400 203200 1 3 3 #=127
A 0 0 9 0 3 0 PINTYPE=BI
P 127 5334000 1778000 5334000 1270000 0 0 0
L 5334000 1193800 228600 1 8 0 1 0 PG11
A 5283200 1422400 203200 1 3 3 #=126
A 0 0 9 0 3 0 PINTYPE=BI
P 128 5588000 1778000 5588000 1270000 0 0 0
L 5588000 1193800 228600 1 8 0 1 0 PG10
A 5537200 1422400 203200 1 3 3 #=125
A 0 0 9 0 3 0 PINTYPE=BI
P 129 5842000 1778000 5842000 1270000 0 0 0
L 5842000 1193800 228600 1 8 0 1 0 PG9
A 5791200 1422400 203200 1 3 3 #=124
A 0 0 9 0 3 0 PINTYPE=BI
P 130 6096000 1778000 6096000 1270000 0 0 0
L 6096000 1193800 228600 1 8 0 1 0 PD7
A 6045200 1422400 203200 1 3 3 #=123
A 0 0 9 0 3 0 PINTYPE=BI
P 131 6350000 1778000 6350000 1270000 0 0 0
L 6350000 1193800 228600 1 8 0 1 0 PD6
A 6299200 1422400 203200 1 3 3 #=122
A 0 0 9 0 3 0 PINTYPE=BI
P 132 6604000 1778000 6604000 1270000 0 0 0
L 6604000 1193800 228600 1 8 0 1 0 VDD_9
A 6553200 1422400 203200 1 3 3 #=121
A 0 0 9 0 3 0 PINTYPE=BI
P 133 6858000 1778000 6858000 1270000 0 0 0
L 6858000 1193800 228600 1 8 0 1 0 VSS_8
A 6807200 1422400 203200 1 3 3 #=120
A 0 0 9 0 3 0 PINTYPE=BI
P 134 7112000 1778000 7112000 1270000 0 0 0
L 7112000 1193800 228600 1 8 0 1 0 PD5
A 7061200 1422400 203200 1 3 3 #=119
A 0 0 9 0 3 0 PINTYPE=BI
P 135 7366000 1778000 7366000 1270000 0 0 0
L 7366000 1193800 228600 1 8 0 1 0 PD4
A 7315200 1422400 203200 1 3 3 #=118
A 0 0 9 0 3 0 PINTYPE=BI
P 136 7620000 1778000 7620000 1270000 0 0 0
L 7620000 1193800 228600 1 8 0 1 0 PD3
A 7569200 1422400 203200 1 3 3 #=117
A 0 0 9 0 3 0 PINTYPE=BI
P 137 7874000 1778000 7874000 1270000 0 0 0
L 7874000 1193800 228600 1 8 0 1 0 PD2
A 7823200 1422400 203200 1 3 3 #=116
A 0 0 9 0 3 0 PINTYPE=BI
P 138 8128000 1778000 8128000 1270000 0 0 0
L 8128000 1193800 228600 1 8 0 1 0 PD1
A 8077200 1422400 203200 1 3 3 #=115
A 0 0 9 0 3 0 PINTYPE=BI
P 139 8382000 1778000 8382000 1270000 0 0 0
L 8382000 1193800 228600 1 8 0 1 0 PD0
A 8331200 1422400 203200 1 3 3 #=114
A 0 0 9 0 3 0 PINTYPE=BI
P 140 8636000 1778000 8636000 1270000 0 0 0
L 8636000 1193800 228600 1 8 0 1 0 PC12
A 8585200 1422400 203200 1 3 3 #=113
A 0 0 9 0 3 0 PINTYPE=BI
P 141 8890000 1778000 8890000 1270000 0 0 0
L 8890000 1193800 228600 1 8 0 1 0 PC11
A 8839200 1422400 203200 1 3 3 #=112
A 0 0 9 0 3 0 PINTYPE=BI
P 142 9144000 1778000 9144000 1270000 0 0 0
L 9144000 1193800 228600 1 8 0 1 0 PC10
A 9093200 1422400 203200 1 3 3 #=111
A 0 0 9 0 3 0 PINTYPE=BI
P 143 9398000 1778000 9398000 1270000 0 0 0
L 9398000 1193800 228600 1 8 0 1 0 PA15
A 9347200 1422400 203200 1 3 3 #=110
A 0 0 9 0 3 0 PINTYPE=BI
P 144 9652000 1778000 9652000 1270000 0 0 0
L 9652000 1193800 228600 1 8 0 1 0 PA14
A 9601200 1422400 203200 1 3 3 #=109
A 0 0 9 0 3 0 PINTYPE=BI
E
